80
duc027: 180.666 490.199
duc028: 175.024 435.96
duc029: 155.333 350.324
duc030: 66.797 332.624
duc031: 115.707 374.525
duc032: 94.817 264.108
duc033: 284.691 435.3641
duc034: 448.199 435.176
duc035: 560.826 434.766
duc036: 583.83 546.141
duc037: 481.308 546.081
duc038: 387.254 546.604
duc039: 192.527 545.566
duc040: 199.909 580.927
duc041: 148.673 622.635
duc042: 70.745 635.216
duc043: 85.121 690.447
duc044: 65.533 610.113
duc045: 58.886 578.029
duc046: 145.783 586.439
duc047: 208.075 644.4
duc048: 245.226 604.881
duc049: 306.057 641.062
duc050: 301.752 610.447
duc051: 348.33 609.026
duc052: 329.439 578.395
duc053: 363.445 579.42
duc054: 369.718 613.763
duc055: 363.326 643.069
duc056: 437.685 613.832
duc057: 421.324 578.517
duc058: 446.081 581.775
duc059: 479.398 613.696
duc060: 492.097 657.303
duc061: 555.871 611.178
duc062: 502.083 582.249
duc063: 563.63 650.276
duc064: 598.341 614.818
duc065: 622.952 573.178
duc066: 648.019 655.518
duc092: 137.728 543.072
duc093: 48.324 541.193
duc094: 43.881 444.728
duc095: 113.8283 441.16
duc096: 284.691 435.3641
duc097: 647.585 529.489
duc098: 709.0556 524.075
duc099: 836.042 529.994
duc100: 824.0656 460.545
duc101: 717.0615 460.375
duc102: 710.206 549.962
duc103: 756.5959 550.851
duc104: 837.5768 550.814
duc105: 904.2 549.204
duc106: 788.668 570.829
duc107: 763.549 653.015
duc109: 915.764 598.083
duc110: 966.116 606.296
duc111: 897.7249 491.837
duc112: 186.5502 431.826
duc113: 896.4974 401.318
duc114: 820.1851 429.161
duc115: 828.1926 396.684
duc116: 759.2638 398.297
duc117: 682.93 337.041
duc118: 688.846 285.579
duc119: 797.234 282.304
duc120: 902.0989 290.588
duc121: 914.6047 339.739
duc122: 786.913 228.913
duc123: 817.163 213.696
duc124: 852.754 141.793
duc125: 609.242 283.123
duc126: 608.553 215.81
duc127: 560.362 290.123
duc128: 627.554 324.176
duc129: 553.3974 242.8963
duc130: 561.123 376.6789
duc131: 642.15876 367.4573
duc132: 632.78918 438.5694
